%YAML:1.0

cam0:
  T_cam_imu:
    - [0.9998448060008613, -0.0019666409922560325, -0.01750703390950871, 0.031288069838078476]
    - [0.002232029396749585, 0.9998827053069552, 0.015152348755817106, -0.014093689638802361]
    - [0.017475181197148006, -0.015189073416553255, 0.999731919111756, 0.004495335003015088]
    - [0.0, 0.0, 0.0, 1.0]
  cam_overlaps: [1]
  camera_model: pinhole
  distortion_coeffs: [0.0, 0.0, 0.0, 0.0]
  distortion_model: radtan
  intrinsics: [424.900787353516,  424.900787353516, 430.364501953125, 232.96728515625]
  resolution: [848, 480]
  rostopic: /camera/d455/infra1/image_rect_raw
  timeshift_cam_imu: 0.002 #04639958649183853

cam1:
  T_cam_imu:
    - [0.9998481378588535, -0.0018981920641252346, -0.01732333937411512, -0.06375098220004188]
    - [0.002168405846590802, 0.999876073304403, 0.015592820445725554, -0.01413380111903676]
    - [0.017291594381882373, -0.015628016517007463, 0.9997283460337997, 0.004602591330000229]
    - [0.0, 0.0, 0.0, 1.0]
  T_cn_cnm1:
    - [0.9999999807799784, 7.123173990458906e-05, 0.00018266383942684995, -0.09503886865387956]
    - [-7.131198620892069e-05, 0.9999999009463735, 0.00043934250877280346, -3.9856653618643244e-05]
    - [-0.00018263252620202063, -0.00043935552644982985, 0.9999998868060326, 0.00010677891463357424]
    - [0.0, 0.0, 0.0, 1.0]
  cam_overlaps: [0]
  camera_model: pinhole
  distortion_coeffs: [0.0, 0.0, 0.0, 0.0]
  distortion_model: radtan
  intrinsics: [424.900787353516, 424.900787353516, 430.364501953125, 232.96728515625]
  resolution: [848, 480]
  rostopic: /camera/d455/infra2/image_rect_raw
  timeshift_cam_imu: 0.002 #5012709485041032

# cam0:
#  T_cam_imu:
#    - [0.9999942992129773, -0.0006837030318090254, 0.003306673813320594, 0.01734357246126995]
#    - [0.0006819183997666188, 0.9999996212593953, 0.000540803438387852, -0.008519633421954392]
#    - [-0.003307042309899398, -0.0005385454736672996, 0.9999943867042107, -0.018723905687986195]
#    - [0.0, 0.0, 0.0, 1.0]
#  cam_overlaps: [1]
#  camera_model: pinhole
#  distortion_coeffs: [0.0, 0.0, 0.0, 0.0]
#  distortion_model: radtan
#  intrinsics: [424.900787353516,  424.900787353516, 430.364501953125, 232.96728515625]
#  resolution: [848, 480]
#  rostopic: /camera/d455/infra1/image_rect_raw
#  timeshift_cam_imu: 0.002 #04639958649183853

# cam1:
#  T_cam_imu:
#    - [0.9999855287596171, -0.0003605813977934117, 0.00536770457504073, -0.07667191595392714]
#    - [0.000365189906339375, 0.9999995655732808, -0.0008576068926449692, -0.008542662389807396]
#    - [-0.005367393006074334, 0.0008595547135404881, 0.9999852260198713, -0.017739927010989854]
#    - [0.0, 0.0, 0.0, 1.0]
#  T_cn_cnm1:
#    - [0.9999978238338454, 0.00032423014342537217, 0.0020608741811117422, -0.09397410073693341]
#    - [-0.00032135073657469737, 0.9999989720658036, -0.0013973550168239824, -4.36282992379309e-05]
#    - [-0.002061325127286215, 0.0013966897125111987, 0.99999690009348, 0.0010315706607051294]
#    - [0.0, 0.0, 0.0, 1.0]
#  cam_overlaps: [0]
#  camera_model: pinhole
#  distortion_coeffs: [0.0, 0.0, 0.0, 0.0]
#  distortion_model: radtan
#  intrinsics: [424.900787353516, 424.900787353516, 430.364501953125, 232.96728515625]
#  resolution: [848, 480]
#  rostopic: /camera/d455/infra2/image_rect_raw
#  timeshift_cam_imu: 0.002 #5012709485041032
# cam0:
#   T_cam_imu:
#     - [0.9999842444621679, -0.0012985438552541658, -0.005461191379408825, -0.029067359106619662]
#     - [0.0013530034164455948, 0.9999492806182949, 0.009980259150388889, -0.0096781936780703]
#     - [0.005447954586965109, -0.009987490916632478, 0.9999352828138469, -0.011525679442799527]
#     - [0.0, 0.0, 0.0, 1.0]
#   cam_overlaps: []
#   camera_model: pinhole
#   distortion_coeffs: [0.2850409833620183, 0.09017428399353056, 0.2234164445550185, -0.031111999920135674]
#   distortion_model: equidistant
#   intrinsics: [635.572622948778, 635.8551238894084, 633.327333809173, 359.8568602652985]
#   resolution: [1280, 720]
#   rostopic: /camera/d455/color/image_raw
#   timeshift_cam_imu: 0.0027751247526161117


