%YAML:1.0


cam0:
  T_cam_imu:
    - [-0.062320748217541966, 0.9967397612797213, 0.05124424480515366, 0.049398359123448726]
    - [0.8845213229270499, 0.031375020849338076, 0.4654434845973093, 0.013454102600773694]
    - [0.46231823847755327, 0.0743334134205364, -0.8835928870358025, 0.1871635284455594]
    - [0.0, 0.0, 0.0, 1.0]
  cam_overlaps: []
  camera_model: pinhole
  distortion_coeffs: [-0.3358119971264518, 0.10016230098020017, 0.0007865723151884554, 0.002162491895859933]
  distortion_model: radtan
  intrinsics: [744.0090336715033, 742.6473019692357, 611.9619730838793, 316.79298126413875]
  resolution: [1280, 720]
  rostopic: /camera/image_raw
  timeshift_cam_imu: 0.010133847852055958
# cam1:  # not used
#   T_cam_imu:
#     - [-0.062320748217541966, 0.9967397612797213, 0.05124424480515366, 0.049398359123448726]
#     - [0.8845213229270499, 0.031375020849338076, 0.4654434845973093, 0.013454102600773694]
#     - [0.46231823847755327, 0.0743334134205364, -0.8835928870358025, 0.1871635284455594]
#     - [0.0, 0.0, 0.0, 1.0]
#   cam_overlaps: []
#   camera_model: pinhole
#   distortion_coeffs: [-0.3358119971264518, 0.10016230098020017, 0.0007865723151884554, 0.002162491895859933]
#   distortion_model: radtan
#   intrinsics: [744.0090336715033, 742.6473019692357, 611.9619730838793, 316.79298126413875]
#   resolution: [1280, 720]
#   rostopic: /camera/image_raw