%YAML:1.0


cam0:
  T_cam_imu:
    - [-0.01910792100731013, 0.9998163184835901, 0.0014888413951638611, 0.03756270424944135]
    - [0.9995238368699694, 0.019066204361758925, 0.024260654978205315, 0.004418192617810611]
    - [0.024227812190007362, 0.0019517031426941698, -0.9997045583427785, -0.04220861858133051]
    - [0.0, 0.0, 0.0, 1.0]
  cam_overlaps: []
  camera_model: pinhole
  distortion_coeffs: [-0.3343744173270754, 0.09423304831497877, -0.0008021194475438243, 0.00047682046938181134]
  distortion_model: radtan
  intrinsics: [755.2794046248349, 755.0402345802935, 631.425848077261, 322.6704020066724]
  resolution: [1280, 720]
  rostopic: /camera/image_raw
  timeshift_cam_imu: 0.008623725310188466